EDID BYTES:
0x   00 01 02 03 04 05 06 07 08 09 0A 0B 0C 0D 0E 0F
    ------------------------------------------------
00 | 00 FF FF FF FF FF FF 00 28 3A 00 00 01 00 00 00
10 | 06 17 01 03 81 00 00 78 0F 5E C0 A4 59 4A 98 25
20 | 20 50 54 00 08 00 61 40 01 01 01 01 01 01 01 01
30 | 01 01 01 01 01 01 64 19 00 40 41 00 26 30 18 88
40 | 36 00 00 00 00 00 00 18 00 00 00 FC 00 48 44 4D
50 | 49 32 55 53 42 0A 0A 0A 0A 0A 00 00 00 FE 00 4A
60 | 41 48 41 4E 5A 45 42 41 48 4D 41 44 00 00 00 10
70 | 00 00 20 30 08 08 88 00 00 00 00 00 00 1E 00 7D
